# timestamp format v2
1
35.829931
70.659862
105.489793
140.319724
175.149655
209.979586
244.809517
280
314.829931
349.659862
384.489793
419
453.829931
488.659862
523.489793
558.319724
593.149655
627.979586
662.809517
698
732.829931
767.659862
802
836.829931
871.659862
906.489793
941.319724
976.149655
1010.979586
1045.809517
1081
1115.829931
1150.659862
1185.489793
1220
1254.829931
1289.659862
1324.489793
1359.319724
1394.149655
1428.979586
1463.809517
1499
1533.829931
1568.659862
1603
1637.829931
1672.659862
1707.489793
1742.319724
1777.149655
1811.979586
1846.809517
1882
1916.829931
1951.659862
1986.489793
2021
2055.829931
2090.659862
2125.489793
2160.319724
2195.149655
2229.979586
2264.809517
2300
2334.829931
2369.659862
2404
2438.829931
2473.659862
2508.489793
2543.319724
2578.149655
2612.979586
2647.809517
2683
2717.829931
2752.659862
2787.489793
2822
2856.829931
2891.659862
2926.489793
2961.319724
2996.149655
3030.979586
3065.809517
3101
3135.829931
3170.659862
3205
3239.829931
3274.659862
3309.489793
3344.319724
3379.149655
3413.979586
3448.809517
3484
3518.829931
3553.659862
3588.489793
3623
3657.829931
3692.659862
3727.489793
3762.319724
3797.149655
3831.979586
3866.809517
3902
3936.829931
3971.659862
4006
4040.829931
4075.659862
4110.489793
4145.319724
4180.149655
4214.979586
4249.809517
4284.639448
