# timestamp format v2
0
33
67
100
133
167
200
233
267
300
333
367
400
433
467
500
533
567
600
633
667
700
733
767
800
833
867
900
933
967
1000
1033
1067
1100
1133
1167
1200
1233
1267
1300
1333
1367
1400
1433
1467
1500
1533
1567
1600
1633
1667
1700
1733
1767
1800
1833
1867
1900
1933
1967
2000
2033
2067
2100
2133
2167
2200
2233
2267
2300
2333
2367
2400
2433
2467
2500
2533
2567
2600
2633
2667
2700
2733
2767
2800
2833
2867
2900
2933
2967
3000
3033
3067
3100
3133
3167
3200
3233
3267
3300
3333
3367
3400
3433
3467
3500
3533
3567
3600
3633
3667
3700
3733
3767
3800
3833
3867
3900
3933
3967
4000
4033
4067
4100
4133
4167
4200
4233
4266.333333
